1174775312
1340856619
163726599
1423925464
1442442476
1483124574
228495719
687226977
1897730565
2123594716
1884088419
691479069
28615045
519017574
1559444704
1067194211
194401284
627459112
1752968541
555748095
196184844
1773871429
389519666
334097961
79291321
769121982
579323866
1718846329
1027211064
1014011680
1324859771
54502828
207384750
1488586469
1478428391
1649827325
824227494
1706924209
189570754
574474510
1683035376
2073659272
1265953678
1711650521
445193298
677914834
631361183
639594681
1305374045
236846175
1195342876
1501558988
2010717704
1584862641
1835657049
2090009124
206501074
267497366
1661371905
1233712238
1281509145
838748127
1288215165
1488893994
179851047
619160007
991237771
1004078640
178600667
1180808624
1578553249
1861636143
1106984347
697023379
1425803115
1552177744
1374938312
2057164397
44288877
532828808
146527024
1239631852
2034387895
9761179
677010944
1722561395
2099770402
883512117
1990058861
1613658758
2117224454
1124084457
304923336
1257956070
465494903
484774482
1877116176
1456732773
1488853221
2055716943
490057848
919922922
1769869537
1597042294
1616946400
1048189103
1001736490
844401163
957869951
1046025466
1377230070
1104397074
138173769
1264134416
1114158352
815184812
839212263
1066445206
1698697028
681787575
532620415
1668437934
1805872131
837543851
778910455
123883485
1322318432
508543083
1580616357
663688105
416776477
2070674304
1583611126
39162465
1520233050
1053073977
1087351667
374485991
1897475239
2045221717
1420511556
1127221760
1002135243
1558685424
243872627
2116293694
226386687
1083084989
1035255351
1925083814
1764872663
1567875866
1446038199
1423261246
257936168
77465106
1547144830
1580254699
586008288
980277639
96459255
1002784864
903468394
1680070480
1041947428
276217895
585660908
2129299194
650703985
335652598
2027037362
2071215640
1462874457
881689056
1482417515
1706747184
850499202
1708804301
642348624
1885754652
1486404567
259737739
1306146969
784959217
1682999084
1564083236
862424422
1082660365
996854387
1448432809
2062938103
1093313741
303734124
818922949
625900673
1345681651
1095140943
1211561680
1327497296
1745845028
1547214378
1207051110
1669577119
862605286
2088740265
1004511086
421868921
791755918
565831838
1064217645
530027022
2052236504
1323955483
1836174090
689712173
859471018
1252773778
1552136694
1942131482
102144616
853085955
1857586037
1195458456
1156820178
529025437
1821359228
355018281
1624166479
885437360
1682515676
1222527958
285168189
742083237
744621529
1147773574
683339954
1749132714
1569642595
1475095971
167481003
486376691
2005123092
72233959
1810332273
1693813634
761946231
522319742
799103863
166599376
316967675
901248578
1019685430
27070163
2096707133
29022060
556095699
1770582813
384040440
32778630
508536624
2066556215
1255306687
793704912
661155904
1999928315
1941478585
1344495957
1601577480
1363637631
672108379
1769058583
1850014421
529747923
1841292641
1512863145
76078008
455755323
2035182986
875181970
622354798
204667113
1776430647
1642040328
231737375
1725654231
1671062487
787833174
1348753495
2055103026
820611903
1857290218
1974175692
2075918689
503511581
487848047
1928363456
297506618
1832344103
1382457387
1661144348
356968934
1004032421
1363675221
886716956
697841513
729054817
962795063
1153596935
616754255
1837977132
1775951833
821421467
1466924230
1270508612
1053158941
1045094912
794087550
1840992214
246364859
701707027
514120568
2103655176
528399170
442555709
459683209
1016247317
223435616
757189926
701107871
1605893102
270850725
1058076904
462441975
1634526045
1944793959
1160283587
216097314
760105473
166396974
832851668
450599056
1942348906
1654273234
1917523385
1065373969
559948626
815134749
1859461618
253457292
1061499707
413685096
767577959
1017671334
942084365
1210133767
1477354642
1958331781
1433569482
87061019
511956104
891979036
357911844
1570033107
1354421110
1992437988
1367343518
367221148
61051753
2127449090
533618221
893903520
430564598
328483578
400693205
200604434
1393857646
960641931
1015739282
1105835715
1214099322
2077239088
1519520910
1981677380
947426874
314121727
1044327599
277297967
124969959
330413532
364359086
636926162
1222392667
722271029
59475721
429330228
567225468
1426819338
796551476
628277321
1406784879
1330169796
1522180940
1837349576
1658653474
1922874245
2037954110
905027571
736032627
906209843
2010863386
1950132048
835965383
1382900747
1784325879
1783392356
1697022573
681169929
2060690422
1821992632
1011583561
277565959
311435245
86492679
999837087
370911065
515823007
1567062655
1797730502
1312374582
47856427
1057031833
495060829
1570037466
746897860
6230754
1345428162
637368421
911258425
2081460888
1543578364
774638262
1884109387
232060198
10055460
1520951718
2015452653
1707078133
54638098
1928659526
1381587216
1066221758
58741937
1693022560
1152714537
1058579123
2063933725
1668537643
478158229
1714180678
833428676
526014755
623728962
1328489604
2096052321
1370626922
1334720458
1293996934
2007995442
98495334
1227974274
1404090257
873133695
964600112
1636150554
883189254
338068281
1504119658
442783838
392706479
1285295636
1824371153
1458928336
1344037672
1369910165
464159324
255133246
1286360341
2132697066
733291575
853057470
818642193
1259306429
1476786532
2147131897
1207875201
699929905
1334368806
354388587
560441798
1432864239
1582362960
1964532155
158514385
399479523
1453199160
1041703738
737547904
809835270
1484487676
1130254482
2095131005
1161375280
441699269
1291685128
383801896
905858693
1546818473
1670162336
891072210
132626499
375736258
1709714503
1391933028
1852522889
1709362851
452324680
404969245
896248108
806713366
965411142
181628798
241592777
782459748
340143282
641072400
88175360
1381847119
1378620403
898010729
718851246
361391336
845658185
1880226626
803090704
2137343412
116544973
1708949496
1536678336
1786707409
452538158
1669304935
14960118
14769112
913754414
1867483106
1724132062
1366079193
124968802
472896621
25309011
1090380043
654525518
266901887
1872839891
994668899
907974386
1961015350
229032469
139111240
711542530
947883815
500502675
1557200814
680626892
1303593479
1547060677
797171964
865059426
936255464
436395824
1317597683
458076850
451356041
1332366894
1371831363
171355598
909015407
590427008
296324499
1381912127
615736118
1386704642
2036437744
882638104
1112060984
883623094
1790612590
925592785
1112655663
1929723929
1637135414
2060539577
282743056
1046852679
593682920
1586336634
446429807
1390854983
303912511
1382685370
1827250907
1621510294
1840762320
131123399
806393639
1065110134
302479097
1715409146
1655537241
598803695
949837724
123789810
1985508436
838791920
1006428014
950085871
1722415113
649557055
1875678755
687587227
431797435
1365330620
600643255
714540590
264699750
1194326274
153393675
711129656
437697709
457306286
2093815126
117465067
2078816679
1787093897
248588565
737726769
704720482
551067761
305652366
212774175
1149871556
1255490190
336564084
987896443
2094282209
1342992197
1937982414
1669213773
1992549351
1666177620
209317452
276863238
884024692
809960806
991403927
1148724541
2004287180
1144797702
1859854297
294501340
1602104087
1806185874
411966506
1533437217
1445796222
660555170
123680437
3033155
1211623031
429332903
215807429
214011038
1684823192
552371613
1201907580
1631621852
1895363909
992406445
1153352076
1740429712
511100517
1362669627
2017293049
1395125308
25146885
861213427
396366300
2029434164
2006011228
108737048
176451955
1460631766
1914923021
588418560
846585434
1213235694
1248973829
970265971
1216268949
313113311
1399598973
1432076477
527124448
936938616
1984448189
1729032128
421076919
1732328550
573955024
1574429094
1325274713
1085055640
789615173
1195084213
332697399
814762157
2056297739
729063799
696712772
1914825419
837800946
873164826
1227973636
605240419
1461583485
2074559170
1818476212
563073765
897341592
887261612
876187176
149457016
171854541
1403311723
1086395731
8819181
984860302
1507472749
1741147830
1558815426
934418294
918938994
496387517
1724033566
2114023306
829085016
391312174
2022837497
1558148914
1088025045
1790179367
248466311
1961189970
870669454
853706829
1275289906
797745075
524699493
1838363771
1695086766
1411961204
567067398
1844543881
1583815844
1970379220
783456063
1592635125
807755974
143445263
1186299406
219087851
1077863657
2105238500
715475467
654413674
2071778257
1544560582
1045725948
1947132205
955225947
2133751092
1589828023
1203692358
1947457514
313013929
2057399286
1075263871
1110759103
434615230
766144093
658362321
1846576534
1333211590
355422653
1282908829
1156107262
1138878816
728060405
1963863335
1282324178
1914359911
35467637
212704286
1872114862
750943203
867118060
1796409570
148020237
1912844107
1596058227
1103246283
1899111650
1038402701
159455092
1699085615
1351416729
69370830
626865938
314692284
503986159
1393010130
973054704
203079144
578738172
1328477456
1485988073
1734845533
319872723
66564929
1551225319
1602197001
1980924939
1586693055
1814901386
1705556252
190152709
534535897
1354482274
338173045
299896455
803056952
1441419428
51524557
1841459752
1600874619
1750610271
1045392933
1670245548
229992660
1360085316
26748159
1623002890
185656471
229827402
54257513
1514134026
1715815574
1789103145
1834006849
1782380603
1192844915
1288720301
1615821993
632054421
956138138
1173894697
822207229
1490674135
380893422
1160380374
1790570689
1183950473
454316253
1842095345
877926676
2055190971
1445222068
1923319708
1577952971
1675214827
1135921475
1604701229
1150734168
1321578045
1834528730
1204991780
688228523
1402860756
846611376
374751823
1037757810
2039456390
1663472223
506096254
524027262
472126812
1679991050
1346234591
1962801046
2060884571
359131416
1605888187
1097351495
813447768
1300499983
1975278271
721155190
598238502
1751114430
151624612
125969781
739552357
1756325940
1276704048
2061130501
1443371122
334212280
601875475
698748329
1180823755
976627397
1736506238
1072796597
492616071
95118943
1596823958
964742983
1775110093
795575000
780060480
1688511115
1154706515
238465118
638379062
1968154382
1538965201
466173784
541826024
2137203802
69804665
693450735
115690034
809357121
302293127
1392394182
723004074
1745664348
1726606561
1324879648
296929128
759946767
154023497
2033435465
1832743463
646639667
2128554507
1282083873
1611382749
1756181051
2077658972
243959681
1297208618
1084881939
482424898
1935587779
905552772
2021390198
254278014
1447378895
2011110452
324082778
2140829730
2126800585
1133439999
295639308
1371711218
1856444172
2041303755
950834230
1033840271
190749334
1710781097
1187863867
76701250
1396041011
1834503634
57772208
530641335
1298402834
1813953359
