2432696318
1290195784
2020177006
2147465793
28960
0
4294967200
1197433966
151
4169746641
7300718
3242783113
1593856583
131074
3909091328
1
3894939613
1805
672089190
2422612203
491532
3689208003
3914928115
2422653946
3645040676
3395031026
16843009
1477440192
3252601310
2088026505
1928411464
372
2147400257
3884122615
4294965370
1413567809
3374927046
47688
1718217691
1410329384
7
4286925042
3242842761
20
2925694817
2040125764
2184816
1634627443
775040562
1291684172
623000971
8658703
3654868440
3897618041
3772378841
405044443
672089088
1711700686
4037677522
2202589405
2303575817
264865096
4074068239
8
7562611
4076863718
2149519299
3242733792
213
1600061490
1010
1593848675
1222637384
1431655765
3653294338
611113244
705644786
1211295937
3624487360
1711276032
4294966124
4101325432
4294967008
3544764809
751445503
1221796168
2415919104
1976730818
3526233925
496
3772301529
1157
3907858914
1959953736
1593863011
73088
1768187507
197696
1953523043
275251233
38
742532607
2302984261
35
1000
4261497058
33823
3242771119
267647012
1936549229
1953720679
3078218025
192598620
3509391375
258349434
4284869096
772752832
3906592985
258402654
3104148296
2316294958
1196
1272
3543746623
284148040
4294966962
269480922
1852405614
3769765136
3103426888
4073204239
505707737
2441351154
3828223749
153509474
4028919007
1578103534
2073
3403280856
4282116569
32645
1224247624
2316298463
4093069512
2027652424
2149519359
4069083377
1685481828
32
2303249033
4093257743
3906719449
258401620
1229288391
4294963392
826804462
2149459012
2313737032
1506047254
267633960
2215575552
1209061251
6
851986
1096565085
3087495886
4294900201
2236418016
251658367
2147483648
292028449
1977037128
705644787
23592993
3364441123
3526969831
1305620795
267632734
1718905203
688136
608483087
2400154872
264
1162
4294893801
1221167428
1289390412
1240475977
44368
1767859565
1724131343
3235446784
3528724289
16
50167
251658241
1304987977
64
3171895667
1477440194
2428752433
1600061545
610537743
612163356
19
255717057
3722303709
3508619465
3248099282
2232404512
264395023
1173391689
556
4281419257
1224115528
2103
3654015448
3780644851
17439
2400141304
256115200
826818553
1153451279
8436201
84938738
558422537
47944
3548596484
1307674953
23233807
3984935113
4286680392
268164
3906718169
4063235
2303197184
1207959552
2303461317
1237420488
266634573
4294967295
252716108
41504
67
772761088
186
384
2172160
3770763581
740580526
2214146376
2422669311
1140850704
2063
2210433348
611113344
1073725768
837912905
1222309704
2302993363
2370618207
1564564545
134217728
3217459532
1768191586
3638419679
686588744
672097994
267575646
687865856
1224737792
3242721280
232
1239517508
356
1238403401
4074985743
2184384
2215638281
3797159745
1089897800
2232406048
565
4075575567
1713
1869376609
2184376
2232404000
1494217681
3
3285778432
4010763950
3909454664
1222584648
267647528
1936618872
392507841
1191194670
276362885
944016895
3867218120
1240467785
1544503795
3666431212
1701996032
3677421568
73043727
6291493
2035651
2184712
185
216645681
2184496
27030
2445581902
3638362112
3985248201
3688750557
1701996660
3236892518
1220691215
84315663
4253633785
778265193
4148744841
740574347
136598667
2232402745
78708
3039629327
3515434461
772784795
1240500553
32767
2336751616
4202255
4097501264
3934453760
3436831960
2147483647
2303586953
10
3186350617
1879073641
4284082432
1826357247
787208413
772761281
256439264
3358199624
3526426624
4186523863
205783816
677904417
611617096
3369316
1718904174
327688
835750216
4279691758
1240631624
778436672
4290464255
3221834968
28
1987273313
3242781393
1220643297
267575388
264251407
4294966832
2303519881
2232352768
156031625
3142060068
1684632692
4293984273
2035711
263866583
3242776969
3805497537
3922807272
4163134481
558444776
3259305800
65535
1600061542
14624
57616
267567961
3666430976
2432696317
446
2197944195
1618526341
4148740233
1221101896
1768191086
23
1719167351
3677228800
655370
1073120072
1420
8192
136604891
3358461798
1171403008
3722502117
4108976127
13107149
208978053
2232414985
369
325582881
361107402
18
1986618463
155766817
1288700233
1266338094
266479631
3593029881
553701996
266919882
3260616690
4294869321
2149519272
3774859265
3242785161
856
2232403721
3756382642
46462689
3256436942
258393040
3498658047
74640
1919448176
4294104297
2302990857
1209299764
1156761689
49008089
2202589175
1600417385
3515435249
917504
4294967224
185090247
2484027648
3091726336
3641408232
882
3869904144
4029237490
266558991
862352492
3430989961
51472
3425177446
91537541
1291845629
50054
21888603
1711276267
3408400230
3351056200
3636582873
3303796
3354854600
509
1819178335
2054447967
3244645830
1593848678
1634692198
521126749
3375238929
1222244288
1684431987
251658477
2046820589
267202063
772761343
1064882821
140
1223854409
3230007295
56080
2184656
22032
1128482560
3133770052
1090519046
147227464
826655113
1650552421
258392832
4034249049
2236088778
255968009
125
3225751364
3909091455
4294949705
3756382669
786
66608
1768843615
1633645669
2035456
3224979717
3934865663
419430655
1208215745
146
1936028531
100
13104897
2302976527
1072726856
3720993504
4294967120
264452328
3367800
1217463395
3911716710
1950350979
2422653939
4202758144
3741928765
4294015209
142
3237178221
41824
1885564261
4282706176
692382345
1104
4136193274
266437625
3470311897
45960
35152
134
197
2303250569
2303527796
2147427686
855
536527304
1023410272
28852699
1447122753
94084
65537
3640084714
1434718146
459800609
3324514150
4035528899
2303327881
1223821939
265816397
2147419494
1506622247
688863468
264276297
145
1238385679
3192461348
2585417441
2184448
27840553
4293231053
851968
556146437
267587189
272
1768383858
1919250527
2215576825
2198041135
1157751683
12255736
3088362375
11
1191195182
3265204167
2197815297
1863280136
3913336707
1224640840
661127201
1141968882
2215636697
912
622907267
1287663941
655362
269
2181
1970102111
625
1187
1701076831
50610375
678685147
187
3708063054
54410
3243839475
3998486502
2232402441
1728053246
267814216
1868522861
3766750980
4281401344
4051481976
1631423816
3414771795
3253461209
611114953
2428754679
16383
3243839474
3901312214
2303248521
1221822792
73615360
4185980928
204
207748
4194304
4139585352
169
1158629376
4230243345
124256289
4108970580
543686689
1547787611
84356
1238051145
532
2097213
672135817
2202599423
1211297729
3921789321
3721977304
46462680
220
2197815299
16384
19872
252017385
2236088320
34
47088655
692649984
84938739
4135930057
1223831155
4294709892
3099603269
4073151503
1952407296
268435454
4275407375
1220553036
2445564479
3277734237
3939715265
2232361988
222
3655195613
656
4292968806
3224486281
4188793280
153354688
424212521
267814221
3766745299
4135930111
55468
3233157056
4290267330
1734308716
159
1768316767
4160749567
3612610523
1207959553
127
1593848425
6714217
1207959807
369551
4
55036
762
36
1221691720
3223850820
672136532
3990408920
3956799304
3389605888
2303315593
1935762015
3411808068
1291792640
3725151244
2202555221
65703695
3847491396
1600061548
102276
3375488759
264461633
2302994643
2184488
1130
2903856655
71354112
424
3544771027
1086387777
4294966291
3909339011
1560900800
1668246636
3391622980
260046841
608440335
4092259271
4194365
56768
3264876480
3262526956
3224243973
3655916031
4010763969
265432591
3811053380
2618279737
14352
4005628137
1323947033
3814461427
2303316105
2026539336
1086863689
745914912
1408272705
2432696312
1769240162
37
4091631887
264252943
230721860
2162286110
1951401101
1953261683
558420001
4045934438
2303198580
524290
772752895
3921758211
4291217224
778502143
16777215
4294961332
1955266560
196
2202578549
589827
2094651869
3906029769
3921735439
156025225
49201480
3653361354
1220553743
192601436
2302996179
267568168
1699176292
1086783521
46073824
19792
2215631748
1728053247
2249191481
277430538
3911716673
3656904841
2642677751
3090249344
1038139721
47873
2231369730
6911078
4126722182
1494217416
3224490545
267585864
3906160896
3374924800
1283916899
1220603663
62
49185807
477687844
266267647
3626263769
4294855145
54272
4076863692
3386564825
264499982
142147461
3653884362
826605576
3125280768
4294966992
1221599560
3757319276
3892314332
2303246729
77
1935753836
3296937984
410978172
1700749056
268381711
1410334719
3772311771
139
2303260713
49
2303514881
3103163720
1724065807
266022415
2236469289
51191
4095843217
258400511
258897351
256176842
3273029064
255850627
4275825125
1701080941
1725715983
436
3364441286
1221734872
4294966384
4047998284
1804402688
1711532737
2670336
371
440
1224736766
1627753288
1432289377
1723926857
1207959679
214286852
661
251658272
790
5
254699263
1032013863
1224736768
961347176
757212671
1156975477
1718839671
2727124281
267875031
4045800720
2303512969
2825143091
3959422975
153575264
580
1701995876
87904
2184360
692904439
113290
2012232009
1178
870963703
1752394847
3864399863
2169045472
1962934305
878658371
256439232
3638418397
2231492995
2415919105
3287482998
4294967069
1851090021
3386441728
838860798
4294776708
3406383615
3103230280
2303578905
296
12077299
3822274752
2305166540
1224736751
2198856323
98172805
266807311
4096977366
1869768820
29786952
1869366093
3277393907
2333076782
3640084490
67108864
53127
1023410177
26
554
1593848422
4073596943
4294950929
961
4294967227
3772124432
258408447
1318
18057743
1222824777
3544765961
478
2184440
2303521417
2303250825
3357830363
1962313032
4085467353
2925712241
266044735
3510192357
3256961226
3468496712
638
55200
30049096
2701495112
2045364697
1164363356
2042605419
2003719519
13088
1224290632
1443849949
267637544
826654869
4269885696
4294965160
672134702
3526478129
80168960
4294949704
1410295502
3654868410
2835712840
1952736353
4294746345
10128
538978321
1953062764
1020989676
4102754249
3229961682
3257485312
1222314313
4293918719
30245704
1207959615
2441350912
2380911153
1225845697
1852
1410295551
4093640703
163852
80
2184640
1506047782
3364440064
1106479432
3968421336
33063752
1156825134
1103323976
2370629257
3638366443
3655156339
12142592
1869182064
1717526272
4091553807
41911311
4057515480
1096696157
1238927689
1223217481
251658304
264714568
1718903922
74
3242462976
1494217708
16351488
4169353714
4273537024
688858116
3171895552
778486738
43
451660249
2303325175
2202126881
205
4286925040
4294015976
3229829312
1224736770
1225094080
4294881157
1600061541
3531819224
746726911
2422658697
2316298459
493
630338957
14144
4161357825
672097987
225049417
1769174636
2202595857
2303508529
258342912
2169045442
838808004
4035528960
2184736
332
267634268
4164014217
692711817
3260616516
858993459
57680
729071748
1232364883
1702126956
960
1702130537
286257922
3364439242
110
3901362112
2211167503
558366720
1433
268435450
3922796872
2020173407
256
3956492753
4281456887
70
611586063
740576395
2215631625
156
2340753188
410320593
2336817151
2200708164
1684436083
262532050
4294698217
4294967078
267567146
3616098510
1852140658
2060594703
2303519257
225825673
1221075272
1723892991
60
754066943
1768191591
4294966976
4294967216
55288
778436608
1217939519
1919311730
3347663073
251658480
1241513982
149930312
3531866112
3403280089
11437839
3770763727
8388601
153
50872519
13077007
1494217420
513
1208493172
1220580623
4294917002
264800584
2265958793
125492014
4294966880
2202664959
836448581
4292381672
268435453
1209366030
2302992595
396
3544832393
2303459328
3386497245
66880329
155713536
290058241
1935631457
4262980045
266918885
1869509983
13861704
558423689
4539462
3256961230
327690
1221626189
343396153
4180152263
168847
1970234224
1291845632
3458812110
272629762
14558981
2337013760
92036
1288055116
736765439
4206971082
4152969462
952402760
3822275053
1726764559
59544
702084
1668181855
1288800584
267573800
1541966104
3217179626
1601136238
269480679
4198058259
2094779096
90
3520
608471398
3248099304
13796168
1634485106
2265907200
2303524657
3252251254
266919872
858666079
1686848512
4148818057
1593861748
4202777087
1734701663
1208152001
286258168
1238862152
2303262597
2434076687
602
1224705499
692908681
608487240
92
2816499699
835750175
258393024
159053916
604270351
67072
3354869960
45168
1600061539
3341371443
131077
1852399461
1207968037
3217201406
235
2029421896
192599132
1222281548
3901311446
156031881
267583488
3544830857
2190475457
1103114565
1970495327
72
1728053232
1091
1600061556
234
1634887263
556061445
256440321
772761094
2978324453
303366095
4035362334
251658240
1106872649
2020830837
2184728
3386425817
1147588436
256141027
57696
1544549070
2151
3760721766
3071221284
1158629568
4283338060
1222216001
258404388
2235376387
4241985
961089909
2303258359
19728
1837371136
1072923464
21552
131076
3303780
235421895
1960958210
561369120
2302985865
4294949448
3662942017
2043
72928
166
2198811616
3242722282
4090177551
2047995968
2232402052
4023601369
214728734
3414509824
3238612185
4269885951
2370306048
1289455945
3280554194
1220747593
65913160
4286924863
267639005
2202664808
4281329920
31884250
3510181881
1072218440
1544504563
734
4294966720
3361279986
654
51952
3833941503
1240905231
2978340789
2332041511
1208082819
3287744768
3906718681
1819663237
2303320787
2370357129
67273743
3814264819
3288287117
826667913
737814015
3242847881
1496
2095
3857302153
2228805080
4163126289
3641713788
1209803844
3240707319
558441847
28885231
1382118497
3579055940
3939715278
3423525794
147620032
3652461644
131
2089489444
3811053414
2601505838
13376
4281454217
936
267576158
1979811601
1023
4089459198
4005707024
138
3235506212
3641544008
58408
1578058226
1206
772752742
58241
255971624
1724863503
1220377042
3666431213
948521216
655371
3229961680
1566246984
12075256
3498657792
33
4085860656
1852393055
2172732
256177128
267576921
778486529
961081993
16572
875443039
2
851981
71
1493535560
2498490846
4294966179
2147467649
2776895427
4294966896
3555314137
3244035908
458754
2030011720
14442253
1945188681
1725441140
4294964005
873
3054485653
4293493064
2035694
3287483006
3638417629
4064900034
2314438984
74387302
1170
2960457605
3284805960
634979725
3375238981
3894690833
3386821849
1106675016
170
1212153793
57504
14752
61
1667194624
3054485655
2021184649
3655915992
4294966672
267015439
2184472
1724119251
2316288046
1768190049
16286464
4294607177
3515435264
1080061955
1796
3088379798
1702131053
3411808242
93
129
11044111
1718904167
3923767001
887669064
1291845627
4035528707
4279273999
521088614
1953822341
267389256
42896
1835888483
2035645
192
15
3108028918
460
672132182
3171895379
3285907272
4281457289
1668312944
630064523
138462976
3850980595
2303520373
4240248653
3224447172
826671103
605422987
1156768340
267567449
1275068419
3229960215
2010790216
3091731571
2303229951
619266240
3218741580
45
2037672300
292877957
3906981081
744105471
338
3386499544
3580757464
4294869832
1970496850
1238993347
3361949920
4148753033
3689877317
1222216173
424204841
1633836911
1631743077
153509476
1306233164
4253215182
1581342017
1289718092
1156502345
1478
1329
1685024117
602528751
55504
1408
251788675
4148691153
1085948160
4143974400
13472
3287482997
267643940
2422653906
72578
1224736764
683606016
1229
29881856
29524809
1208214465
1153910976
2422641387
1099173838
4285458688
3906719193
3246998763
2265969977
1726021469
47844
3313715455
267569192
2303259127
40256
184
4232414223
2184664
2407862017
2147481985
612141900
1220970824
2210498892
86704
3338665984
4076863488
1494217418
4152576248
57729
8388537
4148756273
2303218944
2815673147
2227324175
4198058432
3663915271
1211725269
3776271887
3264876489
156090761
838732104
4294883817
264275277
1238468937
254018671
1684957559
834
1769236083
4286963703
4005174612
192597596
3244036082
4294967117
3655869564
4022421744
267577433
92701711
1107296255
268435451
3747734451
1952609651
4294964849
4294626281
3906672676
1769434709
1171818828
4294967226
143
2303515017
258395225
772765301
48955392
16777229
4194310
3330885834
2302994131
1723898383
1851088640
961333553
1241460992
12720
264243532
522
4290580296
219156466
1240594248
73264
3777892198
2303517829
3247000035
704
76412549
4073728015
2303509385
1208775909
4139519816
3670080
2785755912
1229469344
1287685631
1073267016
3340761731
3922385384
4284279248
58376
112653
4190799119
327685
4007238779
258394972
89591654
433
3364441343
1699962724
3638367979
3343438385
58622991
4294966912
2302754272
1153910784
1225097204
4089883994
890245107
3515434200
1288276300
13104898
3772769753
3687700991
2147483649
4294966890
1207959560
747775487
163
4061038602
4060694729
1564551364
85
4267801058
156035465
3171896320
847581183
46
52362
12688
2336755319
256176846
3269063128
3118149957
1103598351
2200663551
1208484369
256141055
4063840455
568967217
1140859176
1601332596
2851111189
1158314697
3544762761
29881920
1223723337
4073465871
2184560
73136
3739026155
3658042577
1641
772
1418414110
755115519
2166411139
3870953289
16417024
167
3324594391
2718924800
1826349534
3656309208
66
3576172356
31820303
1222178632
256206390
4286962141
481933000
292
2141
1140850926
4141407712
768
1717531237
32766
4294966960
722
2311915852
1277441163
4294887401
30
2060004879
673475803
1752885467
1239470920
267401545
672097997
536870911
93014271
4086032842
3303795
4091762959
1995520329
2422653936
217
1288708424
208
510132257
2383349498
3904981240
252177384
3641668616
3988867305
1610670465
2202537953
1180656750
4279167439
480743816
4274079973
3766741713
4029237504
526909473
2374307830
2301460160
1564594737
3544760713
4076348492
12486671
4294967072
752494079
1140854784
630132543
447
3638365931
2011758592
961335577
267648089
2303508617
33554432
3054454235
1077
147060224
1477440506
405040347
251721859
1131991685
218756
2851106833
3526486153
4230342912
2184600
3713273668
3766730889
210586627
255358144
1290799432
460864
477
1724104753
1164364380
3756382719
3242774153
2183832
3657433086
1752392031
1936287589
174587937
1952794463
48080
2826240455
1224378696
1677747565
4069083159
1220839753
342360097
4059515367
1145094646
1209279572
2174252
672097991
57428
864
81694223
1073805697
109217039
1158660251
2212680520
49928
4292433897
4093387876
1936744823
826803439
109741071
568978569
24576
46659136
4294965879
837353472
3921758667
255972188
2210433356
3817030098
1238534473
286
1887
3231387602
1851870324
1722805186
984
213441417
1227097225
3687504354
353374194
131082
1600061491
961069105
1600482657
1240500552
637468705
1238927688
4294208488
1147567221
1954048358
4078334980
505
836929860
94
2407796480
590912
115
3387887462
1106666312
4279495130
3256961233
813
134226946
961282048
1976580428
2149519276
1220
4060086506
270816395
1769240169
3121563864
47432
255944192
1223086920
1223676744
3035355512
4032565057
3240689664
3722248939
1477440480
3856188633
3102837193
1156240200
3870953288
1618277641
1432289399
672097985
9601807
3379883737
3492037649
443023393
3934865616
2147427839
1237330249
112961
3343438217
1224106824
740
2313933640
351
3330885843
628684421
1223852032
4294966924
270818445
2213677313
267637852
1552632832
4280680447
2182558208
2184576
4077316176
4072823055
4292562920
47176
3777499120
3707956223
3922938360
1208841727
748299775
837847368
1798
3909091321
1869375071
825111135
3224112968
13105024
1970825574
1869635423
4148810633
1724105049
4101294425
12992
13136
1220936008
253131467
3956070861
3644335228
2236138033
4006824385
4220053761
1952542572
2184760
3909091555
1223870473
1172832289
3219949901
2303262720
619054475
1208013187
3938535485
1154
451477991
1711276257
3377991489
3298037569
1224738816
500
2159667667
316292
4294892521
267632879
4148756690
3894674473
2198857785
2227347215
4005644490
4007254237
3224449656
4294808553
3321249792
3304511709
172932
3921686853
1223199049
4294967154
155837489
4294967024
3669624281
136600713
1284
267649023
3391623014
1724079169
117608207
2169044992
2303245431
90701857
1208402166
2303575689
3906073204
3176031
3770763523
15474453
1288763209
501809638
3828525042
196610
1093724609
3369331
1602
392691745
3246998760
6815777
3777498945
1086783488
3654080824
1477440450
424204585
376709351
1222150472
3850979413
1494172915
480742725
2369734054
3369332
2282735753
3108503552
1138
3231387584
2316290350
2084
1221036360
4111027424
3909214595
1819635039
3108556937
8388538
1701732191
4294860521
156097329
3747750784
845575270
2131
1684303461
18224
1593861491
259354213
57520
3545829363
256206528
1751343459
15628061
267116379
3924744664
611113232
1221691716
692597555
1209103623
3515435507
4177878543
56436
1164370516
1038795080
259324035
3386699481
2202587697
996085803
1918989427
2148007946
778486760
3626267865
266918680
73616
1920229215
7237481
3724541950
15024
31490881
86668
1221232972
1115351263
826806308
1238993384
3794276296
1297369439
745154047
3623307519
4294967000
3322497241
3280554198
1725640207
12816
79749
820
2184768
3361607667
293253
1853192297
3375449537
3772367065
2097152
2428042161
2500849673
1224736769
4281526272
4294696681
10431
2236838918
1141899141
3925815552
74756
21888859
3420330020
2184752
3638418653
3548989695
233029960
464
258407049
3914862579
4010763819
1995454792
4077024722
3242839841
1291487560
3386829534
2851106832
3303654293
256435333
1212016321
68
772800511
3449193569
4035135680
1280
3780710387
1020989476
1224683992
3233156933
255949567
1221756232
410781567
2303524863
3338750454
1288877583
684
69
676
1308622843
3271680131
2313409352
116622
3272165595
4294231017
4169353231
536886528
3229974527
269436146
267567400
1097265753
2984886921
1149978870
3582544114
8388602
1667851374
1685382480
2183856
2303197514
92833039
803799040
131079
2184584
1305643340
604277068
1223768392
1158630628
1593862500
1275068416
267848008
29018417
1153446337
86
4095844306
124
1976666440
1104224584
1224790915
2236137521
256229531
4290398463
942552159
558399488
2718955657
1976730952
108394884
3252603608
3737968331
1953852773
144
3119109769
3103753544
1869444713
57994
1767863664
2184704
3071231037
1724106767
1477440448
457
3373076495
826659377
3256961279
481928645
1506622743
1801675124
28899977
1388
2232408201
1222935885
1224736755
256177095
156033235
1998
1852142712
746202623
608468495
267641384
1962
1834968161
671220176
1291845618
826667145
4294878185
743581183
105
1085817131
4074694736
2601508654
102
126
1711276033
4073085199
219156467
2184400
3544761385
1221101900
277349892
1099775985
2020177012
3481880817
178052
2009607695
2369847296
1220577612
1976574146
4284696639
3240707072
1071890761
251783299
1544549358
1222762014
1350095497
3822978320
3828524515
3247771457
4294966782
1191195438
1453
4294966608
54988
3783393279
2303312265
1023410176
1711897280
2149519104
743056895
822083584
4294967168
2231369727
3544766601
4294964372
1701017669
256176895
1232364871
210585835
3733540057
2303246857
55176
4135931136
1222250828
14336
481925376
255979358
3532212691
1769172597
610665867
1936878691
2481704153
4294966800
13312
258393075
3336096472
4060968193
41
3747751874
1725266880
550470444
4247447808
1149988213
4076863726
1540
4294901481
3687635281
556048133
3403274461
577241121
1967485650
1410286802
3101788484
42632207
1494217411
788544
1593861484
3087498446
4294848489
267401548
33325897
3354804436
1506586838
1494172147
3456191730
2303258921
3925297352
2202543108
252645135
3616098304
1306018831
27888972
4220079321
3965259763
2314438985
605325644
1348
3269380569
3229960192
9
3386493404
550470400
3357834459
3783869696
3053457476
179176
1107132737
2191
1207968035
3638363764
1726568463
39224335
2428749873
2236416000
1960382324
4202776832
4077471955
4035528905
1566259396
1506766523
1718908007
3655191002
2232406025
389
549624335
1544549066
2182557713
3152609280
258364020
266025292
887339535
83
986
14304
19744
2464924041
1224214856
467
1174405104
4294816489
1208533123
700
612141384
3054452945
4206694216
4294896617
4294966945
3498658816
745678335
4294966752
267467080
393529733
2184536
692847311
4169353445
2432696307
2079141391
76367876
3260813298
424470569
2068692890
2147614730
476577825
3979218790
256438569
1220774217
757736959
255716289
2303201272
14112
1434783495
3155118323
4006824134
4294967056
2442273213
1064
3338674469
104324
1015629951
2433231
1506622775
21398543
1443840358
1356
3872606417
1818386772
75904
2184648
838808000
89395046
3403278553
18253327
42336
2311969228
1634
862549106
3638421983
3246657324
3770289993
155838673
1826343646
1305620736
264865024
172
1170770252
3544772617
3224454610
4007199428
1494217419
2428760833
208914233
710
3105182735
3906029653
3599321088
4044197192
1853191265
256177098
837978445
4186130881
3942645760
1953002613
3984060729
312
2428747820
2212746057
3242800106
2303260809
1221144901
1769240167
2232404873
1691947228
514
3481518129
261024704
2303580809
3716810201
1443
52340
6646882
4294964844
1073251316
1156109128
1668183410
3284215823
1224700557
8388536
21
4139126592
50976
2059623439
267583487
4169386761
1221626184
3217197248
3923386696
837308435
251984515
4278544064
119
3753941775
4294840553
402856979
1220643266
3319388381
3771942995
3867217889
4035344911
1734693492
4029282441
256176850
753542655
1611170002
3248099327
3242777121
2202136713
2303000584
2303522953
969867160
40944
4290267354
888062280
2202653508
268976327
1970561391
3089394907
1544548864
315
891
1593863791
2815655723
14288
2184696
1701736300
15621901
3229829631
393224
826661257
2171839
56
19958287
1432289360
4287238107
1156762408
3532213359
749348351
1986819437
212
4294892265
3284151311
268431491
13104
59124
3406383299
1958774016
4294967006
137
544656009
1769238637
556207877
256176640
4294784901
416655
3783263232
740578443
34440463
1116344298
116115929
4290398208
8388608
1725060111
4294664937
974
1155169216
1769241196
2236465545
1684103007
2184608
3688946152
131078
4294469865
1207959806
3436774123
2212923724
23248
1646
4294183912
79518737
3453553786
264276300
1633640192
13665096
1213530145
611062031
256140800
4294967136
4010763985
2202591443
311
3649634304
655368
558426321
1237461321
2584723502
255058618
426246177
4070304000
1769170548
2370371584
32953
252194084
1953917284
4174581729
2215638661
1230008399
4148744329
1240467784
192489044
1090519041
2422603809
1072152904
3246606847
2184432
1223827784
3124887498
2303262217
2303517139
152
589834
20416
1544549111
920
754591231
242687992
3470331002
4294967032
1701995620
1993488716
3247640575
73312
3997696
4270016704
1851744000
3504931027
4169746432
3242774409
2042066363
1879077476
3204448383
4089522191
4272679168
2198858203
3225980415
611113952
4294924165
4279667471
1235058548
4290365745
1725991245
1593865061
1207959805
2216628014
1826291712
3894705168
42
2184504
1224313160
1220643145
4294965523
133
3789078745
1408403785
3179941869
255912659
1238511872
1086784762
3091265667
256176919
696
779
1908
40370209
1170311492
2303312777
1170248975
3240164033
4075313167
258
17520
1221608463
3938535894
1237554447
549975616
4294912394
1701667186
255944447
400
6910822
4294966965
258355572
3103207752
997813959
3724541951
1734303488
1142846928
1413609093
4287187974
2760118210
1828746341
3906980313
692642865
739386879
357830502
1221667855
2302779919
479
3833212176
1769235310
835155906
4294903946
4294965962
2303246985
81807
3330886874
2149519319
61688
1600
2184528
1072792393
342
3108101769
88
2184720
3526492159
4159244256
2400176697
4203300864
3673638936
4052306128
48968
2147614725
258393080
4057917144
218
53
14928
3984195461
2428722753
3125334817
2903460041
2232353276
191365153
3544763017
3246981120
477286713
256232028
1367009503
1722805196
20810255
1702060386
655363
608471368
1769240179
4294964815
1698979684
2181983249
3230221504
3857448959
3983733049
1326586890
4141996489
424460585
13537039
1718511967
267570008
59048
1223934001
4294932969
2169110527
12711696
37758984
3548989642
243601152
2035657
4169386505
4294966455
772736378
4294967248
2184552
276097233
1408862529
1926379849
560463905
1304447117
297860
4278093583
258344570
256697477
528152110
60012
252439542
155839187
2215624969
2184592
529207286
3391178959
837388609
1432289345
458
1769174628
2303251849
21792
73924641
1975572737
1726819855
1224090732
82821448
778486771
2198858371
2204555300
3208708096
3118912328
1701535588
941911259
1208270979
3582267379
1718182757
4219801344
1157627902
1953693797
3338674470
2172276
2632569121
15589125
322
1952872548
266919690
3408400196
2211457348
14927621
2302988297
3186213513
16568
512
3921758401
3354804379
2202533888
834832713
1636044544
149717832
203717814
736690176
3794276167
4270016707
822083587
1685413727
4286957577
3922037068
604292936
1224862083
1106440488
720898
229251
264655887
4285721026
1948
16824
3792314984
266612239
4061021179
1678839795
3653046088
3392016230
3800156809
2202124337
4148756479
2171
3909091552
47981644
1308622848
3544830345
4294868613
3347660265
15624981
1222216012
80169179
98162909
256439047
251920259
3511173091
524288
146834249
772793128
242
1826347229
2716453337
3924316355
84053775
3280554193
604801356
3229960198
4294966848
4294967057
656448
4203352018
19712
340879
672088540
1541076808
111
2280325120
3521662995
147096392
4160690433
2147813376
490016783
1600223331
6714473
267642969
536511328
4290267136
3923495385
256172328
262144
1600349031
1129141362
21504
1506765995
4294739177
4085858814
4286245332
259379844
1969448312
3638362859
1410318382
3108044800
2303248921
3955312944
4267801062
2815975299
3451650139
4206971103
627501065
4078102990
3925815750
4294910851
3151127369
822085632
1073251072
1215611062
1600061555
73
612162528
772786780
1993750860
57147425
3209794227
3548989657
756373007
155839443
155837651
360
409468961
1718907758
3889383618
1291845635
772761162
1073741824
3682945279
13424
265454925
3925868535
875443246
3369599400
2428723009
3619491657
15171904
3357624522
267640872
40528
3381216449
3921813832
1634038376
3955629396
1958773954
4060741631
2202
1140850688
2303250605
267632682
698
3934341315
255852544
879326308
951
1826605532
267518376
3654081006
2236097140
1699902584
550011840
255967365
3921758271
264275200
256439104
4042737920
1494217450
131080
481934089
3296938001
258474017
254699203
55772
3285332465
3924855113
47
52920
3125293572
13168
736241151
1222084936
1879076463
1692991488
2851107030
3654868237
1928345929
4294966612
3640816865
4294417284
141819904
14
2978346233
7037807
40752
252645305
2236149801
267641177
357961574
1724603407
1223723336
608994150
3666431231
211588
672089314
1103595837
32998415
4069083378
209
149258272
57532
2821
1727564104
81
2184456
4294966816
1953396084
1288266569
2087
2303252727
1223854408
1238993152
1224736773
25432048
740435455
3855829211
1223833928
744629759
2303313545
2182701989
4025205404
1986290785
2169035281
1107282563
4286793984
1582
378
2333075679
756164095
1240349000
1926859081
742008319
1818648415
1072857929
3664485778
112
31
1843986432
772734976
4130213734
3655925760
3742005992
3847491529
3897607155
2147466561
49536
694681633
626656651
4294967097
89
283
1674
47296
27690255
608440591
3509063526
3321973952
4294926313
1104382281
46122633
826616868
3771943113
1279721524
780
2184512
3756382666
3805497816
1278404801
4294765957
3656655940
232964424
2149519259
1028
267647832
14124047
1410269184
2313797814
4131429336
3342419983
97
3828223846
267583912
2236151345
256413183
615
4035529087
1712028371
283820360
2172356
1258
3931639795
3172274191
628408453
3237178121
3544775123
2236088353
1063
1209366774
1984585472
3287777484
256176838
214728832
4267239680
1224210248
4072822799
1668443974
4093387860
477491849
2215631497
4153600511
4294967022
2042605418
28983792
2303262719
4186166084
1103136063
49029
1684104562
3655391424
269188
4294948936
3744998508
258390251
3356052928
1638417
3238611392
3229941760
720904
3783987145
2570947912
270822619
3766741129
359137313
255850883
19008
3708187880
1241473869
4294829545
1568787354
2184680
155
3789144537
2760118016
1224705352
1220758157
3723438219
3666431199
1222216168
82493768
738862591
4161329515
3924542111
4148807817
3491807898
529141736
672098017
267180800
2163614788
1158314496
258395176
2303262249
1718904677
2303259639
589
3229931741
3544830217
256438447
2422603776
4169746443
267643224
4294967152
3284646927
3231387607
256432665
2776960768
208142369
1768187508
14064
778440427
255058106
3922069836
1232827593
3760485392
144205719
3955841039
1701601889
3654056936
3091333119
3234285855
1276120900
1566298673
12896
3327397700
58176
56452
4291461960
267577553
800
17
3247705921
2303248689
1642661495
591936
1154099528
3304514009
1598243401
3921809736
2303256531
2303509249
1367478063
58
711075327
888468930
778486722
1927931119
3229941759
73072
1752194917
4075300879
2313868104
2211969023
4294966688
58363136
4281353357
4294802665
822083590
3287680204
2303475686
3481527945
3939715273
67648
27
1410328043
4247972096
1724117641
2800288230
4035361245
4294966944
4131389448
1210152000
672097891
319695528
1871
1409319169
258400292
3386821337
2210415887
4271303120
4060086508
3922483471
256438848
3119955215
1304856908
18646031
2302997257
1300233989
3403278555
543
1986164083
3915239679
65162
3420057305
2232408964
3867394593
4294967112
1952531555
805684829
3557902808
14058511
4294964190
15801
41120
240
162
4294885258
2303295488
4226905501
2851089409
772752843
2428749610
1103725896
264264719
1886614629
1700750700
65536
4022421519
1601331557
1990
81541
3235447492
3437153241
1240921928
1220905289
90050547
4259637504
4247421711
558417953
3089166273
2303218673
4264159682
302
2609516498
3478392678
4294966996
1223698761
3263760420
164
113
1216414819
2184480
1207968033
3856218148
110530964
87887887
4087016192
2428751873
1767985759
3344306154
153571936
154
3797421889
252
3828489106
14480
192489040
12544
3542617924
267569704
3356489865
3754547680
209256325
3224502271
3544826005
1237338253
1288044876
741484031
4290332880
19629071
67040
4294967141
3708187886
58836
3285786229
19564303
1291028808
4105365584
22528
1085882624
2113
1443879260
4259375396
1073185609
1636110095
60332
826810606
4292036822
4758
1233391554
1835102822
134496455
4091697423
1812991987
2302995923
961331348
2029685064
2037672306
15407909
1724025160
8388282
6291682
671
3339155200
3616098339
1222768457
2184624
155976686
3918088674
1223348552
1320
4294966796
1962051912
1962950531
4052306385
778486619
870496783
13
2184392
129550641
2428042224
2599092224
2184352
13568
258392888
822083839
3906980825
2445586258
2062080969
1238469094
3287537700
1868983913
4148754863
4162054401
2303248905
845767802
256176852
1117
1071759689
3783328074
16569
204676
1237869384
48
42634
267578968
14769973
1223882569
2851105742
4148818569
3693366403
4294965732
3406384358
1955
2184464
1986487662
3783528192
1826347044
1566300919
56336
35008
52464
2184520
4035529185
3224244070
3511157222
20240
179968
1156769259
4063947008
536934785
405034123
1416783220
1700033637
1223002444
608499207
4180185853
123
66032
22
3264876520
3872966105
738338303
1517
4069083329
57664
4096025617
15618821
3764129779
1024462834
3654868448
4129586393
1170834757
2302995411
1238512112
747251199
124965769
86344719
3123703745
1208493148
4294966734
1307937096
146900239
1128417612
4186112000
1238796616
1634754399
4091684879
2832214520
3350990664
1718908012
2408189915
4077044982
3458731878
1222244169
4156362568
1222216167
265980236
2302939172
3640837366
155766921
1140850944
337933451
11424
67109172
4294915817
3235481636
4294810089
1305680201
3993585919
2062081993
266753039
1191194926
1241024840
612163572
268435452
1239021385
3285834205
4007256542
4294908905
3894705371
86672
1970435167
1953396079
1752461312
1818386804
861881155
131081
52
262146
1953064052
2161
2184688
1724117779
4275997455
1724106801
48970362
1221026632
3884181713
3654868226
2249194297
3524348360
4060086507
3856256473
3705527517
3224244037
4294901387
2149519113
1701970019
680
1631739748
73600
3644689736
3071276580
961142995
2303529097
3247036681
4290332872
24192
1207959554
4119414993
16528
1024160996
256206591
265685320
955377917
1279256257
367654582
3909091565
134251648
256229530
3979429318
4035528913
2208028708
405040267
4001766672
1957340251
2236141329
4148754569
838437193
1103300941
3654868230
3224486293
15728
2302984264
1146
14688
3263815508
3976539663
362
1237420356
1279123905
4294430441
4294966600
1962934273
1220708681
132
672098016
2855248878
150404
2202600640
3867757568
4294967088
3397995713
644349985
155714528
3833941375
4294967128
4005644291
2575634176
156024881
4294967232
1222762230
1936290932
2302987801
3641912377
3605725184
3924986184
1222117708
2834573163
12223503
65538
4281208585
175423621
2215627141
458762
2303521161
1156305736
2432696319
1918852864
4294967184
256115399
357830433
393219
2202591449
65978696
46800
12656
2448596501
4074855439
1291845630
297912136
2202537952
4294789097
4294966448
1237551433
3436825052
258400491
300
1300565775
4294747113
1734440295
1402
3640084735
258402340
3475065129
4294967109
3783354064
1174405056
1220973839
3071229421
3774871553
266044662
2442273277
58501
261033844
3821095375
612
4290777537
1919902305
748
1919251571
3375238912
1091899407
78
1431655866
906267980
1048576
2202599424
1209934956
79748
1104294345
158
1718907237
3201
1022919497
196807
99
4294967104
556158725
4177890120
266044749
3956967756
259264711
444
8388541
4294807785
4190193857
3087132291
1965082614
1090637699
375172
4148742281
2302984233
493355041
269480959
3774959075
3278063616
826654866
3230223553
3979432789
3235485732
1228923073
159054428
2017813875
4220129234
256170885
3647698368
4090048015
4152576236
608471871
1223283529
3224454655
3666430195
4292968959
697175924
3330492617
1696
12
2303465077
256115712
2682847232
4186565587
3922758093
1954047327
838043969
89991
3505867200
1953653108
4294867844
1208013443
1818451807
134826114
487
957446199
2062953999
3686832911
4294901760
961025397
2147475841
1600061561
3636779519
4294876137
480743815
558399487
1544504562
5392244
157
3642238060
3688694507
3238611409
3828525174
2202589449
47871
4077222130
3922561353
13216
267643089
1593862516
4284410123
1156759897
267577689
256177140
941915355
511135738
3307736934
3217195962
1140852736
23568
1158628354
536380400
3368564
1072283976
3470387419
2552528091
49972239
104325
3655139328
2063293455
2834555739
265889807
2303259383
750396927
8388606
3287485048
1432289390
291
3856209956
3242840759
1223697532
4294921193
1221691721
28844239
82
267567656
183228637
3590408441
153509729
3722262763
2265967071
692715511
40
4069083336
2249191993
1154058569
4095826882
925
1936090719
3338078408
4065923058
3247771634
1995189775
1928345928
1073251145
520
22112
219
3217197151
1092965391
3946834369
1287727436
1055457280
2303201316
1238468932
56264
65
2311727432
4294951111
114
2121
2050367810
54664
1288735048
3287417160
813362478
1667458911
2336491556
264499975
3828525010
268000271
256439008
1064616068
1149978654
4294820585
2149519122
1769236068
961083657
2023
75504
153575520
3922364748
3367833420
1237879113
3683208447
1684960628
3889383639
1399746409
256114720
610588936
2197942403
1222084940
3677977320
290193606
1222150473
3708385520
3939584215
576
20576
4075825167
835858701
1357674962
31884224
4294967082
264275272
3548989781
1701860197
3906600959
1305905484
3064938929
3303027
2184672
3087889874
1220555255
4164503813
2235392723
4294356457
1220643148
2182558240
63407063
1103596016
4161359062
4035528760
3526233958
3881045862
267578408
608996147
558661632
3800305408
3202036223
3242721288
81920
3844607812
264491009
14256
1952871544
2184544
24
3968026687
256114688
270826635
3241021286
275960633
1863280383
1357769666
199556
2303516553
3229925957
558628864
4294967095
1683971840
3330885841
1979090248
4294901386
4135930081
3259305920
1208869825
1089012044
192489043
4294142952
3322497256
1237461324
3526480169
3191986993
4294966624
2204799549
3641929801
41276036
1699897202
1826347997
1961810178
4269885697
107
1532
33129288
3707955968
3687635224
4238993874
4270016555
441
1769434992
14398221
157882997
1223526729
477484425
1147598382
2582246961
66384
1224350024
3263777233
419559555
772761290
4294395369
2147482241
1650553951
3721977308
33605376
3277572633
29311433
1304
1221495108
3926477001
1431655865
1141968883
4230474211
56468
1650548575
655372
486902600
48975482
4086491216
41848591
3505897497
1544
4294966660
3242782857
4076863487
3257483763
21056
1593848681
1410295296
1221822797
3272165577
418153288
308805665
267640924
1224738815
703
193397190
4073412879
1173762314
2303317897
1224736761
3054452784
1965363215
3380936704
2147614722
1158423660
58001453
2045268203
1225356544
108718303
3565766996
589832
692897417
672098047
1081463609
57
3386821340
672089280
3872606456
2303264840
4069084627
3515436048
3943044368
12238897
254022795
4294965665
1073398088
10864
1221734896
124966281
834900495
1221626185
2198916995
241696801
258345594
1225048451
28852480
1289353200
3688945922
269436147
3217197051
3548989655
54784
1028128768
1207968045
3394834419
1664
965021635
3246484457
825111342
20176
264501769
2601504217
3285080335
1289234764
2236139825
1869373304
1208534147
1724055552
1304791369
4294966024
3682861056
1494217724
862156908
3804317889
282
1350
6644577
4294854121
1276126308
4035135683
155780072
3941194273
15012653
1225814983
1373
264280847
387
3338674468
1215614506
1952411494
1719171177
3453536985
1919906913
3653884376
2183840
1224683812
4294950472
763629531
961079251
163972
645203705
58216
73664
1149979648
523
3526475825
456
823185283
2303260293
4248562114
6291681
1209000579
2236470049
1725769743
267555819
3386382372
79725385
683659825
3121563866
2303248129
1224016205
4294565097
2370432649
1220550985
3848
317446365
4074121231
13040
157810721
1955417100
108326617
1153522703
14384
2424878081
1291845759
1237943624
4294964155
4294966952
3264942037
1952543333
33554445
1357835202
3906680868
1149960192
1632920942
672096122
208982329
2302794121
1239611209
3881373683
44
2061248527
4294966736
1116536832
2236144375
760483686
2048535023
9012495
4294928360
831131593
3240706502
1097259822
635711813
57744
3364440263
481927555
1222474209
256177151
3711335144
4282813768
303349758
3894939494
52069647
1927
1713753612
1634533477
2160101700
1896188744
255980169
1090519042
2370627721
1621
3302605784
1220555077
46272
4065162178
1221206344
66816
521126899
1237879116
1952871283
45696
2236141337
15698447
748824063
2837254159
3602714444
4202767988
28953477
2198811618
778486623
1338348033
739911167
3596357444
3268987352
3374845764
3822633689
2231719695
155729888
12249877
2303258761
255654531
2211463821
3531951360
611113770
38175759
2302740105
20128
1211162817
1230044468
267475983
98
3089399003
1290897736
2422653944
1223461197
4294966640
2197815298
42888
1919247455
1926334792
256176870
3532212672
537592136
3338076872
1975551309
4273527031
4247261165
4294192361
1224736831
1155978056
1685284454
2202593417
1527529609
146834248
799124150
4169746674
180223
3909220227
141
424199721
858993594
267647016
1718903662
22317583
4015591411
3192389632
740959743
174469
32176
3367780
3945271105
2096773449
251658478
3498264584
1093190787
1230043809
3909091563
4077471939
392292218
2383406213
138463231
2934695774
3108106377
3928493889
1240126280
4294964260
1598119489
4735
1153575233
822703367
3254864002
1768319331
2025882957
22992
4294896521
751969791
3753772505
1355536091
256236337
4169746649
4073531407
1734693471
3612610559
4160833540
4294966898
2629280337
3686832655
859027784
2303486582
1086802184
3071275447
3867408265
4117686783
2184616
3923085640
1828
1918858092
909012851
375914529
1141899264
3798609168
1237944644
4278190080
3656309210
31949569
1443849978
1229998452
265298114
3898478401
2232414217
837585229
3246999793
2048535022
1769239649
1210634115
251853443
626605440
4030348760
1223349065
4294725353
1634625894
224919585
4294966656
3265204160
628815406
3515478153
4063840287
2303328247
4241942765
392
1178825829
3227127795
28918262
112266
3330885875
50570
39
107479073
256505993
2442666896
4180152064
13616
63365
1600414053
808333870
4290396671
834734409
1073185608
533
43424
56496
5590599
1086787578
3791079624
1097252910
1651733100
1224736765
13264
15471389
267642718
264842767
16786436
1085924307
2179008178
834679109
4035529215
1287653705
1724116993
267643944
1237332422
1240528713
3277582985
256439907
1221691850
4294456296
3187789699
2851106931
32998194
1723948047
1049
57648
2975183841
3230221474
1494217454
4169335232
3892399312
2169110321
1222178633
2019914869
4294778857
2149519310
1501827056
2095706633
1601073005
1477440212
1724119177
3252607453
3894690942
4294914025
3430285307
4294966704
266545167
19968
3104116751
3694006118
1094707393
3574680774
836
4294967264
3548596488
2303318793
65585481
2215577850
3284262617
3531819016
1224719631
956664648
4284697919
3179548452
176004
266912065
2214592511
2303284289
3372583752
256432153
3240628070
2467250665
961144311
4294966541
755338056
292931972
141033505
749872639
3673638912
1534387333
2668611385
1558
1769172844
672129369
16581773
1239864136
4091619343
4294967020
3997580560
3498658025
2303324407
1286
3255388161
4035528789
448
1149847792
4006824175
256438976
3544765225
1148478791
3817148160
4152576510
1929380061
1685024095
256175542
2215637769
6647157
2202572872
451533345
4294966864
3682945249
252705155
4073217039
4294952903
2303247241
3963178440
2303312009
141592905
3367796
1074820288
1237813576
2303590399
103
1237553679
3510439951
1085981065
1775
4263045376
4250669043
50052
1952673397
3242737120
2183824
4294966928
4281403428
3582201600
254
160
1304987976
1935826783
67460
3224498825
2215576824
213438857
1702125925
3252258852
4294864516
155832329
2215579641
4197640448
32932680
3653951203
1702521196
845767778
1443849960
4076863694
3287484021
405
3375239014
785
202
3470386904
1685746787
2147105097
964955904
3690987735
4294225385
1826351321
2937014273
2303316361
4294949192
1238993220
1920232291
3623354137
149
4294967040
1983
263777258
4102638070
753018367
1769500
3636517176
2184368
2197823782
4169353432
2202132215
1212152257
757741055
3722250475
54
3760721860
2197823780
14832
468
1935631732
4280281344
845571174
131075
112667
20969347
4294965135
3102116172
4286794229
16785701
252017390
2303278706
4093323279
1224343880
1506586311
4294865802
2236139657
3384217536
1225096436
2231728330
1243
98165214
4089665807
3498658175
4290396634
627572769
1718905204
161668
104
1220646159
3906160858
1728053242
17138703
1734304865
2172428
3158376448
1230044337
4293938409
2303206008
1221265736
1220610380
89919475
1104283980
19920
265037839
132160
1208946447
1494217704
3324595200
4209502465
3894690955
74155023
3330916745
3515427454
1886217077
622600
902
3900953835
2215624713
3594078216
1811964777
556028677
3330885857
2445580813
1660973939
256147455
29000719
550535170
2213579080
1976075329
3909144707
3217197050
3744766501
73280
1719169902
4148744753
1684632686
3654868479
4135930096
131083
756688383
3054454251
2265909240
21555236
611113460
2202075632
3526477461
2315224351
1233993984
4213706598
1869819507
3906062809
4073347087
4203301094
153573984
3766682096
58324
3386448500
1712618200
2147465701
1685382481
4281455153
131073
229253
1104841036
1155584840
1953521503
3653951179
1704237018
692176521
3656851455
1718905207
750921215
3924592973
4259375561
1212152001
3331460929
4273400266
553979919
4294865385
1106063685
610795553
3916742789
672089343
1952871268
1651076096
485086857
266352972
93014034
3303012
1173762331
255944393
4119072639
1410286694
3124873097
2016871565
1967548270
2302738432
2231733064
621809651
131084
76
11569679
2303262513
1701994335
772796254
258346612
4294573033
46127633
3904981186
13536
1430345281
106
1685612902
1919115129
4010763951
3956421096
1106413896
2232408841
3725150281
155765385
258345338
4063840311
4177127872
1224736778
3822275065
191202575
2184632
87
2184568
4270647552
4079488983
1220756751
57600
755639807
3277603163
256176164
4074820424
3677490648
3481880825
1207796033
15441701
410
14224
70533
2232416009
969
1601532003
1718904172
4294966730
4294911114
4294957648
1769237621
1106496296
672098025
1711700727
4075444495
153572192
1936487789
3252601305
16843194
350798092
4072888591
3087323011
822083711
3088378711
4091597640
648
256114690
2634406384
3728296960
3330886656
3510192191
1443841511
4074291417
3653884928
265454917
61616
3364441294
4273072594
3642313199
101
96
1936020063
1164314490
1725781007
98107392
1442416969
3542173696
16594061
20080
57424
6250356
2197823781
1466
1076128987
1237420361
660
12608
826605568
3125334025
56280
54752
3411414849
4294900713
3397994753
2004050527
2215637001
710026751
3361607666
4101360092
700647757
3108044808
2303537903
1747
1578103785
3906930298
12142675
2428760713
1304529395
4294607206
12404966
2214592448
3708611544
3652316107
55420
2182522304
3728296147
1224444237
937
1668171108
4294508521
3334278984
31884072
262
1494217680
1224736767
672135976
608996288
3872606426
108420
961139465
122
1237985608
265454920
556077829
1230044302
1410320686
63
1223832179
556091141
692638601
3285830360
961078263
2441416640
4294966262
4035182591
1851422374
607947596
256206546
4294966784
606919679
1952933230
3827950050
258400808
3548989440
1171403200
180033
3419998330
737289727
2303488629
1156775935
147
1305160013
1291843583
3766683616
477818158
1223690569
39888
808335150
4035528823
3743163500
80118600
3906931322
256172982
611113448
2303325943
3287744544
3632877019
3544828297
4207602128
1223774349
2750009413
1291845638
1221667072
268435456
4294966768
